1384.0
490.0
895.0
1087.0
1218.0
50.0
548.0
870.0
474.0
1438.0
1550.0
1710.0
1566.0
95.0
1075.0
858.0
1021.0
1365.0
739.0
1727.0
813.0
829.0
652.0
24.0
708.0
28.0
602.0
1156.0
164.0
623.0
1485.0
512.0
1608.0
101.0
159.0
18.0
238.0
1264.0
1839.0
1828.0
49.0
93.0
589.0
16.0
966.0
1572.0
1691.0
167.0
139.0
1740.0
1647.0
1410.0
968.0
1637.0
19.0
460.0
1921.0
1106.0
235.0
171.0
457.0
591.0
1329.0
1065.0
96.0
667.0
599.0
1169.0
73.0
1646.0
1196.0
1838.0
206.0
1406.0
1511.0
1823.0
621.0
1806.0
1195.0
1850.0
1250.0
1296.0
1467.0
451.0
1697.0
1622.0
286.0
104.0
1514.0
1715.0
58.0
798.0
846.0
719.0
464.0
177.0
364.0
1826.0
1396.0
779.0
1100.0
806.0
975.0
950.0
1744.0
1532.0
1125.0
203.0
918.0
583.0
673.0
963.0
1907.0
352.0
1670.0
117.0
688.0
876.0
1565.0
262.0
940.0
253.0
500.0
616.0
361.0
381.0
825.0
1257.0
1142.0
642.0
838.0
1752.0
564.0
1736.0
1124.0
263.0
339.0
5.0
267.0
1102.0
376.0
1054.0
1825.0
301.0
1097.0
9.0
315.0
1579.0
1810.0
1908.0
1199.0
273.0
124.0
162.0
320.0
943.0
1244.0
691.0
1819.0
1845.0
1872.0
567.0
1084.0
1144.0
1738.0
560.0
888.0
1477.0
1509.0
1269.0
1567.0
1829.0
990.0
669.0
1868.0
1633.0
1287.0
1038.0
427.0
1205.0
892.0
755.0
130.0
114.0
556.0
919.0
1324.0
420.0
147.0
1037.0
1116.0
1461.0
1302.0
1901.0
1393.0
1680.0
1186.0
1020.0
893.0
649.0
432.0
329.0
618.0
844.0
1564.0
1168.0
336.0
328.0
1685.0
485.0
1140.0
661.0
1507.0
25.0
867.0
179.0
988.0
1610.0
456.0
933.0
92.0
174.0
1468.0
1110.0
518.0
131.0
1359.0
312.0
303.0
573.0
1643.0
1325.0
1776.0
929.0
1723.0
1032.0
859.0
1436.0
407.0
1363.0
250.0
1295.0
1047.0
1830.0
906.0
1447.0
307.0
1607.0
855.0
1242.0
952.0
144.0
823.0
1268.0
581.0
1898.0
1696.0
290.0
1851.0
89.0
610.0
1720.0
392.0
948.0
200.0
187.0
977.0
1105.0
1074.0
1595.0
1874.0
1906.0
693.0
1600.0
622.0
284.0
536.0
395.0
1351.0
402.0
356.0
378.0
1812.0
799.0
1322.0
1539.0
1894.0
1555.0
393.0
332.0
1031.0
1098.0
658.0
1203.0
94.0
970.0
931.0
431.0
992.0
116.0
1431.0
1409.0
78.0
946.0
716.0
756.0
683.0
934.0
763.0
443.0
808.0
60.0
1515.0
1306.0
517.0
1904.0
326.0
325.0
769.0
351.0
795.0
1684.0
1193.0
1190.0
1121.0
1760.0
1219.0
1327.0
1283.0
450.0
184.0
1893.0
1668.0
555.0
1220.0
1357.0
632.0
190.0
1536.0
316.0
20.0
289.0
1864.0
603.0
1498.0
1734.0
996.0
470.0
722.0
1645.0
63.0
82.0
883.0
313.0
714.0
1127.0
283.0
414.0
345.0
1236.0
695.0
520.0
1832.0
1499.0
1399.0
1612.0
614.0
106.0
199.0
660.0
861.0
324.0
405.0
1732.0
465.0
1869.0
1445.0
1256.0
75.0
1201.0
544.0
1890.0
1753.0
577.0
3491.0
3216.0
3526.0
2515.0
2968.0
2636.0
3724.0
2158.0
3822.0
3303.0
2345.0
2282.0
2082.0
3263.0
2915.0
3649.0
2906.0
3627.0
1930.0
3121.0
2461.0
2067.0
2750.0
2903.0
3488.0
2269.0
2533.0
2027.0
3232.0
2026.0
2698.0
2039.0
2395.0
3063.0
3145.0
2196.0
2579.0
2591.0
3074.0
3798.0
3694.0
1972.0
2690.0
2666.0
3141.0
2913.0
3031.0
3247.0
2132.0
2990.0
3514.0
3046.0
3064.0
3664.0
3808.0
2463.0
3079.0
2204.0
2910.0
2260.0
2178.0
3708.0
2421.0
3597.0
2336.0
3042.0
1928.0
2796.0
1940.0
3294.0
3744.0
3558.0
3083.0
2438.0
2186.0
2734.0
3234.0
3533.0
2094.0
2640.0
3411.0
2445.0
2312.0
2373.0
2452.0
3712.0
2668.0
3240.0
2230.0
2738.0
3292.0
3282.0
3142.0
2174.0
2822.0
2109.0
3530.0
1955.0
2930.0
3698.0
2176.0
2793.0
2505.0
3361.0
3018.0
2580.0
2917.0
3778.0
2022.0
3518.0
1946.0
2410.0
2724.0
2749.0
2937.0
2752.0
3272.0
2586.0
3689.0
3786.0
3081.0
2996.0
3740.0
2705.0
2768.0
3069.0
2353.0
2016.0
1923.0
1998.0
3705.0
2835.0
2871.0
3576.0
3102.0
3242.0
2096.0
3212.0
2885.0
2490.0
2266.0
2104.0
2413.0
1987.0
3166.0
3451.0
2736.0
2621.0
2346.0
3392.0
2330.0
3790.0
2234.0
3402.0
3110.0
3130.0
2811.0
3723.0
2498.0
2813.0
2584.0
3674.0
2728.0
2774.0
3187.0
3466.0
2966.0
3769.0
2661.0
2298.0
3505.0
2497.0
3509.0
3434.0
3245.0
3214.0
2722.0
3086.0
2141.0
2212.0
3492.0
3502.0
2963.0
2211.0
2058.0
3831.0
2677.0
2481.0
3618.0
2128.0
2177.0
2801.0
3678.0
3410.0
3400.0
2716.0
2453.0
3572.0
1956.0
2637.0
3736.0
3714.0
2866.0
3008.0
2295.0
3296.0
3435.0
3556.0
2172.0
2358.0
3775.0
2899.0
3436.0
3339.0
3020.0
3016.0
2091.0
3022.0
3697.0
3471.0
2832.0
2087.0
3192.0
2628.0
3325.0
2973.0
1975.0
3335.0
2788.0
1983.0
2762.0
2469.0
2171.0
2398.0
2630.0
3601.0
2988.0
3140.0
2795.0
2742.0
2719.0
3640.0
3728.0
2986.0
3816.0
2905.0
3566.0
3680.0
2765.0
2670.0
2377.0
3252.0
3751.0
3207.0
3362.0
2782.0
2827.0
3805.0
1933.0
3239.0
2972.0
2382.0
3538.0
3029.0
2651.0
3836.0
3210.0
3103.0
2836.0
2352.0
3632.0
2678.0
2570.0
3204.0
3198.0
2590.0
2669.0
3025.0
2250.0
3552.0
3164.0
2270.0
3154.0
2610.0
3060.0
2156.0
3494.0
2372.0
2276.0
3274.0
3112.0
3317.0
3004.0
2465.0
2339.0
3797.0
2872.0
3564.0
2423.0
3028.0
2938.0
2748.0
2114.0
3634.0
2480.0
2387.0
1970.0
3276.0
2895.0
3331.0
3788.0
1999.0
3626.0
2048.0
2577.0
3066.0
2571.0
2244.0
3818.0
2219.0
3137.0
3266.0
3144.0
3409.0
3774.0
3283.0
2970.0
2047.0
3010.0
2268.0
3739.0
2953.0
2468.0
2931.0
2426.0
3298.0
2103.0
2508.0
3795.0
2458.0
2983.0
2222.0
2381.0
2049.0
3671.0
3602.0
2105.0
2863.0
3699.0
2484.0
2889.0
2315.0
3608.0
3256.0
2289.0
2111.0
3040.0
3233.0
2619.0
3095.0
3709.0
3448.0
2616.0
3490.0
2226.0
2024.0
2613.0
3842.0
3616.0
3762.0
2881.0
3153.0
3235.0
2136.0
3586.0
2732.0
3747.0
3405.0
2534.0
2100.0
3388.0
2792.0
3812.0
1982.0
