765.0
1294.0
753.0
976.0
898.0
1552.0
777.0
313.0
1735.0
359.0
655.0
1345.0
1377.0
417.0
67.0
1354.0
1904.0
1841.0
274.0
290.0
1657.0
759.0
69.0
446.0
897.0
117.0
963.0
1686.0
641.0
1805.0
1404.0
590.0
1494.0
280.0
1331.0
1827.0
1063.0
1391.0
1694.0
1234.0
1260.0
931.0
1917.0
1826.0
467.0
1642.0
1803.0
629.0
420.0
1200.0
282.0
1520.0
1560.0
966.0
1020.0
397.0
1079.0
1815.0
1374.0
1853.0
18.0
1508.0
475.0
1453.0
848.0
567.0
373.0
913.0
737.0
656.0
1266.0
687.0
670.0
1216.0
391.0
430.0
1060.0
1133.0
755.0
1919.0
688.0
1270.0
778.0
483.0
700.0
1082.0
1325.0
1893.0
148.0
1102.0
1174.0
801.0
978.0
871.0
909.0
322.0
1690.0
380.0
1603.0
1077.0
1555.0
1760.0
882.0
692.0
1496.0
133.0
1629.0
1308.0
66.0
1272.0
442.0
339.0
166.0
724.0
1531.0
993.0
8.0
1444.0
1323.0
1709.0
1879.0
55.0
546.0
899.0
916.0
239.0
1748.0
195.0
60.0
770.0
1422.0
1504.0
983.0
1165.0
1189.0
936.0
1442.0
1161.0
1922.0
1746.0
1687.0
1900.0
451.0
646.0
1501.0
89.0
992.0
604.0
512.0
181.0
395.0
1476.0
255.0
1600.0
97.0
1888.0
520.0
1871.0
1850.0
1526.0
1774.0
432.0
1378.0
588.0
1144.0
106.0
260.0
1491.0
1882.0
997.0
376.0
705.0
19.0
668.0
942.0
821.0
247.0
1081.0
1317.0
305.0
1341.0
1430.0
950.0
1078.0
614.0
1869.0
415.0
1403.0
368.0
1680.0
324.0
1886.0
929.0
273.0
74.0
751.0
748.0
599.0
466.0
251.0
1857.0
674.0
1007.0
938.0
671.0
1684.0
1849.0
1530.0
1633.0
405.0
764.0
1414.0
1723.0
880.0
90.0
1037.0
612.0
1884.0
1058.0
905.0
340.0
1318.0
1135.0
1842.0
330.0
2.0
877.0
644.0
1777.0
104.0
1402.0
650.0
870.0
1732.0
1316.0
1246.0
581.0
1371.0
1000.0
173.0
1447.0
1742.0
1860.0
1556.0
428.0
1495.0
1484.0
1137.0
732.0
1179.0
1009.0
91.0
254.0
712.0
1386.0
1743.0
413.0
1315.0
962.0
1304.0
1096.0
439.0
961.0
750.0
703.0
1198.0
1122.0
288.0
791.0
578.0
240.0
552.0
828.0
219.0
375.0
1885.0
1505.0
1369.0
1733.0
829.0
1206.0
956.0
320.0
731.0
1754.0
423.0
1105.0
189.0
485.0
1112.0
1190.0
1808.0
1614.0
510.0
720.0
1889.0
403.0
456.0
761.0
1366.0
1150.0
865.0
860.0
631.0
356.0
923.0
549.0
1124.0
1088.0
889.0
1283.0
454.0
1856.0
519.0
1309.0
445.0
443.0
975.0
757.0
1068.0
1210.0
370.0
972.0
952.0
1836.0
1819.0
571.0
811.0
526.0
349.0
850.0
140.0
504.0
1173.0
96.0
149.0
1233.0
1290.0
746.0
1652.0
1675.0
564.0
293.0
502.0
1240.0
1475.0
257.0
220.0
887.0
1111.0
398.0
1895.0
325.0
1357.0
1225.0
1205.0
62.0
994.0
1027.0
1298.0
1157.0
1622.0
269.0
222.0
1907.0
196.0
1351.0
40.0
1.0
113.0
32.0
1500.0
607.0
1714.0
307.0
223.0
296.0
949.0
1613.0
702.0
1867.0
1650.0
527.0
1186.0
1446.0
785.0
1110.0
1242.0
1092.0
1465.0
917.0
1553.0
1384.0
1911.0
666.0
1464.0
1301.0
1478.0
159.0
68.0
621.0
1823.0
1809.0
314.0
1756.0
1284.0
518.0
203.0
81.0
1638.0
207.0
193.0
852.0
1028.0
637.0
360.0
1618.0
1217.0
144.0
560.0
1514.0
872.0
542.0
555.0
767.0
491.0
1080.0
1091.0
816.0
70.0
259.0
1612.0
893.0
1087.0
126.0
1525.0
263.0
378.0
326.0
1795.0
1044.0
626.0
1072.0
1759.0
565.0
516.0
959.0
1160.0
1040.0
766.0
613.0
183.0
1153.0
343.0
333.0
1053.0
484.0
1134.0
107.0
1074.0
1098.0
1417.0
1262.0
235.0
1248.0
1405.0
579.0
56.0
1306.0
1218.0
1776.0
143.0
1099.0
964.0
34.0
676.0
982.0
276.0
1286.0
577.0
639.0
455.0
698.0
824.0
82.0
49.0
894.0
1434.0
545.0
1915.0
1785.0
1383.0
1045.0
1802.0
388.0
1800.0
611.0
127.0
1350.0
1368.0
1410.0
1683.0
1004.0
951.0
57.0
408.0
108.0
447.0
182.0
1663.0
662.0
1810.0
886.0
1324.0
1909.0
77.0
1488.0
287.0
215.0
718.0
105.0
457.0
1107.0
660.0
863.0
642.0
1918.0
729.0
1517.0
853.0
1273.0
1891.0
947.0
756.0
1518.0
1562.0
1348.0
27.0
172.0
1166.0
636.0
418.0
814.0
1261.0
1769.0
1493.0
981.0
550.0
1237.0
51.0
236.0
58.0
680.0
624.0
1455.0
735.0
321.0
1458.0
1711.0
110.0
88.0
1866.0
41.0
1729.0
385.0
1243.0
1013.0
171.0
953.0
237.0
881.0
335.0
818.0
1482.0
1440.0
522.0
1730.0
1001.0
448.0
1822.0
868.0
1606.0
1177.0
1118.0
1668.0
1046.0
7.0
1898.0
1267.0
1481.0
1479.0
740.0
79.0
295.0
1399.0
1108.0
1847.0
1321.0
438.0
355.0
901.0
299.0
135.0
246.0
500.0
968.0
1701.0
885.0
103.0
864.0
960.0
494.0
294.0
1130.0
1669.0
991.0
1499.0
1168.0
252.0
708.0
1832.0
606.0
728.0
1398.0
1838.0
1456.0
1876.0
1254.0
199.0
1230.0
665.0
1593.0
1385.0
1728.0
1421.0
409.0
648.0
1418.0
596.0
628.0
1787.0
1215.0
185.0
1036.0
302.0
1696.0
132.0
742.0
538.0
92.0
179.0
331.0
244.0
790.0
945.0
948.0
1227.0
1672.0
1681.0
783.0
384.0
701.0
1420.0
1460.0
1498.0
904.0
152.0
1467.0
497.0
353.0
1772.0
54.0
933.0
241.0
131.0
1401.0
28.0
609.0
1855.0
1625.0
921.0
344.0
693.0
781.0
474.0
24.0
459.0
1097.0
568.0
955.0
168.0
1054.0
1820.0
1423.0
450.0
922.0
505.0
511.0
1796.0
576.0
350.0
908.0
1193.0
1710.0
874.0
681.0
163.0
71.0
1002.0
1169.0
1635.0
1789.0
1470.0
760.0
387.0
605.0
425.0
524.0
1390.0
1202.0
1451.0
155.0
15.0
44.0
1265.0
214.0
548.0
369.0
572.0
1609.0
1541.0
1379.0
1300.0
84.0
696.0
1534.0
859.0
1747.0
1840.0
410.0
1059.0
1738.0
1794.0
866.0
531.0
856.0
115.0
1656.0
1289.0
167.0
977.0
374.0
1627.0
1659.0
704.0
114.0
1005.0
416.0
258.0
308.0
1292.0
941.0
1006.0
1473.0
1296.0
122.0
136.0
793.0
788.0
1877.0
229.0
834.0
806.0
1277.0
830.0
739.0
1239.0
1831.0
112.0
249.0
979.0
371.0
1185.0
292.0
543.0
1573.0
1920.0
1018.0
1682.0
1825.0
584.0
1828.0
616.0
1767.0
627.0
845.0
253.0
1454.0
270.0
1438.0
53.0
784.0
337.0
407.0
1558.0
1783.0
153.0
1899.0
80.0
303.0
25.0
1121.0
1372.0
1538.0
706.0
837.0
530.0
958.0
836.0
36.0
1352.0
1224.0
569.0
351.0
1695.0
233.0
1658.0
493.0
1319.0
541.0
1017.0
1804.0
100.0
573.0
1483.0
1463.0
911.0
1156.0
1457.0
248.0
1621.0
1497.0
509.0
366.0
985.0
1807.0
1136.0
1791.0
184.0
1515.0
1462.0
279.0
30.0
10.0
1755.0
1358.0
1426.0
165.0
1452.0
1585.0
1563.0
4.0
1182.0
162.0
1631.0
632.0
1758.0
1921.0
1763.0
570.0
907.0
1167.0
201.0
1522.0
619.0
1244.0
209.0
1704.0
283.0
128.0
1151.0
827.0
1550.0
433.0
1693.0
1307.0
1138.0
686.0
1528.0
932.0
540.0
265.0
1127.0
1363.0
341.0
1620.0
1839.0
1781.0
256.0
1521.0
1717.0
1778.0
558.0
1259.0
1834.0
1771.0
745.0
1219.0
1094.0
867.0
1726.0
1023.0
603.0
298.0
890.0
762.0
1559.0
744.0
1699.0
489.0
348.0
651.0
198.0
1901.0
498.0
1744.0
1902.0
857.0
1646.0
900.0
815.0
1067.0
1159.0
1408.0
178.0
1334.0
372.0
635.0
1645.0
733.0
1736.0
683.0
61.0
1676.0
188.0
1057.0
501.0
1180.0
1395.0
1089.0
1905.0
1084.0
160.0
1474.0
1347.0
1181.0
1003.0
1793.0
186.0
473.0
957.0
72.0
377.0
262.0
1132.0
157.0
513.0
798.0
452.0
1382.0
1299.0
471.0
1545.0
1146.0
1427.0
1685.0
1436.0
822.0
1192.0
1356.0
1332.0
1507.0
490.0
364.0
854.0
495.0
1731.0
98.0
221.0
1468.0
1706.0
1667.0
1311.0
379.0
575.0
715.0
965.0
102.0
1419.0
719.0
873.0
772.0
1293.0
1407.0
315.0
1337.0
1212.0
138.0
1103.0
1439.0
1113.0
1887.0
657.0
807.0
1397.0
813.0
204.0
691.0
563.0
1702.0
1199.0
1257.0
481.0
238.0
1651.0
1065.0
1716.0
780.0
1245.0
1209.0
1106.0
83.0
752.0
414.0
1636.0
971.0
1339.0
1253.0
3.0
176.0
318.0
593.0
1448.0
1502.0
29.0
601.0
861.0
716.0
1890.0
1042.0
1906.0
535.0
1278.0
927.0
769.0
1637.0
1051.0
352.0
1662.0
45.0
625.0
1660.0
1537.0
301.0
1881.0
647.0
1875.0
649.0
1056.0
1207.0
46.0
226.0
1910.0
216.0
470.0
1546.0
1095.0
1643.0
1406.0
139.0
551.0
1830.0
597.0
996.0
1083.0
1854.0
1109.0
118.0
1523.0
1400.0
986.0
1249.0
888.0
1688.0
1542.0
424.0
191.0
1275.0
1360.0
1359.0
1276.0
1798.0
1634.0
1572.0
876.0
589.0
462.0
1509.0
124.0
1797.0
1236.0
1590.0
1252.0
1093.0
1409.0
1393.0
1115.0
1859.0
1282.0
250.0
1782.0
225.0
743.0
684.0
1547.0
914.0
1708.0
242.0
329.0
1751.0
458.0
1025.0
1344.0
434.0
1768.0
1536.0
1126.0
841.0
618.0
536.0
1251.0
1512.0
507.0
919.0
231.0
1908.0
1964.0
2944.0
3773.0
2551.0
2734.0
2898.0
3061.0
3250.0
3749.0
2767.0
2748.0
2370.0
2028.0
3001.0
2170.0
2628.0
2323.0
2343.0
3053.0
3995.0
2324.0
2946.0
2539.0
3409.0
2701.0
1975.0
2301.0
3315.0
3282.0
3044.0
2436.0
3860.0
2891.0
2820.0
2461.0
3948.0
2368.0
3527.0
3742.0
2208.0
1962.0
2367.0
3542.0
1955.0
3750.0
2077.0
2154.0
2757.0
2198.0
3596.0
2157.0
2933.0
2145.0
3454.0
2813.0
2363.0
3618.0
2269.0
3992.0
3792.0
2500.0
3568.0
3874.0
3125.0
3783.0
2267.0
3732.0
3336.0
2132.0
2389.0
2867.0
3584.0
3839.0
3538.0
3759.0
2979.0
3922.0
2237.0
2471.0
2402.0
3214.0
2567.0
3593.0
2962.0
3687.0
1971.0
3681.0
2812.0
3564.0
2635.0
2784.0
2639.0
3621.0
3426.0
3289.0
3435.0
2536.0
2097.0
3488.0
3529.0
3553.0
2490.0
2108.0
2073.0
2117.0
2740.0
3184.0
3157.0
2657.0
2673.0
2562.0
3286.0
2252.0
3632.0
2659.0
3796.0
2955.0
3854.0
2600.0
2622.0
2300.0
3859.0
2264.0
2726.0
3904.0
3102.0
2631.0
2149.0
2515.0
3233.0
3213.0
2972.0
3223.0
2357.0
3801.0
2969.0
2611.0
2011.0
3943.0
2736.0
3630.0
3791.0
2943.0
3215.0
3081.0
3405.0
3429.0
2658.0
2511.0
3714.0
3442.0
2992.0
2967.0
2544.0
3757.0
3067.0
2349.0
2268.0
2232.0
2168.0
3964.0
3280.0
3312.0
2318.0
2082.0
2887.0
2798.0
2320.0
3133.0
1934.0
2298.0
2965.0
3451.0
2165.0
3933.0
2407.0
1960.0
2309.0
3237.0
2081.0
2717.0
2048.0
2990.0
3824.0
2824.0
2900.0
3276.0
3141.0
2509.0
3738.0
2520.0
3033.0
3340.0
2191.0
2897.0
3293.0
2920.0
3614.0
3549.0
3823.0
3042.0
3275.0
3901.0
3021.0
3650.0
3772.0
2200.0
2295.0
3636.0
2690.0
2440.0
3838.0
3567.0
2251.0
3240.0
3121.0
3896.0
2380.0
2599.0
2730.0
2326.0
3043.0
3360.0
2507.0
2114.0
2596.0
3107.0
3640.0
3406.0
2849.0
2693.0
3344.0
3038.0
3516.0
3020.0
2426.0
3060.0
2458.0
3533.0
3414.0
3885.0
3884.0
3295.0
3633.0
2773.0
2414.0
3522.0
3918.0
2229.0
2765.0
2067.0
3094.0
3473.0
2630.0
3030.0
3831.0
2305.0
3660.0
2687.0
3931.0
3317.0
2090.0
2316.0
2789.0
3198.0
2119.0
2227.0
3292.0
3519.0
2647.0
3311.0
3333.0
3278.0
2113.0
2159.0
1994.0
2597.0
3502.0
3686.0
3578.0
2672.0
3481.0
2903.0
3000.0
3210.0
3138.0
3629.0
3798.0
3920.0
3834.0
3168.0
2129.0
3882.0
2432.0
3452.0
3934.0
3147.0
3074.0
3394.0
3993.0
1929.0
2594.0
2421.0
2397.0
3111.0
2852.0
2542.0
3300.0
3041.0
2785.0
3956.0
3013.0
3091.0
2505.0
3898.0
3706.0
2265.0
2695.0
3856.0
3990.0
2580.0
2720.0
3832.0
2586.0
2330.0
3524.0
3844.0
2878.0
3804.0
3412.0
2846.0
3381.0
3999.0
2661.0
3799.0
2781.0
2306.0
3310.0
2791.0
2378.0
3503.0
3188.0
3758.0
2296.0
2464.0
2814.0
2372.0
2093.0
2072.0
3562.0
3383.0
2583.0
2473.0
2250.0
3193.0
3634.0
3959.0
2497.0
3818.0
2040.0
2110.0
2861.0
3271.0
3881.0
3415.0
2377.0
2681.0
3087.0
3652.0
2201.0
2006.0
3718.0
2083.0
3966.0
2478.0
2010.0
2292.0
3252.0
2589.0
2555.0
3724.0
3298.0
3809.0
3434.0
1949.0
3372.0
3909.0
3264.0
2908.0
3014.0
3699.0
3160.0
3540.0
2636.0
3438.0
2710.0
3079.0
2126.0
3837.0
3135.0
2492.0
3989.0
3926.0
2514.0
2282.0
2929.0
3929.0
3364.0
2810.0
2668.0
3763.0
3657.0
2254.0
3325.0
2362.0
3780.0
3722.0
2793.0
3756.0
2863.0
3908.0
2080.0
3790.0
2645.0
2327.0
2885.0
2060.0
1951.0
3493.0
3183.0
3619.0
2224.0
3365.0
2625.0
3557.0
1936.0
2993.0
2938.0
2121.0
3746.0
2718.0
3109.0
3877.0
2644.0
3288.0
2088.0
3172.0
2783.0
3589.0
2902.0
2856.0
3900.0
2722.0
2608.0
2818.0
2855.0
2350.0
3737.0
3269.0
3114.0
3051.0
2707.0
3369.0
3469.0
3122.0
2753.0
2512.0
3560.0
2572.0
2315.0
2882.0
2187.0
2186.0
3520.0
2924.0
2451.0
3460.0
2892.0
3439.0
3579.0
2764.0
2184.0
3506.0
3996.0
3004.0
2778.0
2830.0
1925.0
2836.0
2795.0
3680.0
3024.0
3277.0
3066.0
3530.0
2889.0
3893.0
3027.0
3745.0
3248.0
3513.0
3261.0
3707.0
3968.0
3605.0
2689.0
2936.0
3443.0
3975.0
3005.0
2876.0
2841.0
3820.0
3082.0
3175.0
3915.0
3501.0
2009.0
2342.0
2782.0
3607.0
3348.0
2419.0
2173.0
1923.0
3692.0
2037.0
3049.0
2696.0
3478.0
2649.0
2670.0
3145.0
2345.0
2741.0
2375.0
1973.0
3174.0
3813.0
3962.0
3113.0
2395.0
2705.0
2393.0
2976.0
3972.0
3352.0
3694.0
3322.0
3486.0
2321.0
3431.0
2404.0
3329.0
2792.0
3541.0
3156.0
3625.0
2156.0
2199.0
2174.0
3194.0
2360.0
3445.0
1953.0
3397.0
3324.0
3120.0
2427.0
2183.0
3449.0
3455.0
3057.0
3855.0
3220.0
2221.0
3167.0
3235.0
2030.0
2057.0
3613.0
3574.0
2775.0
2875.0
3010.0
2686.0
2877.0
3416.0
2641.0
2106.0
3374.0
3166.0
3571.0
3495.0
2286.0
2365.0
3359.0
2771.0
2015.0
2456.0
3777.0
2479.0
3653.0
3788.0
3873.0
3371.0
3472.0
2951.0
3815.0
3932.0
2811.0
2829.0
3547.0
3259.0
3251.0
2280.0
3673.0
2821.0
2328.0
3548.0
3674.0
2508.0
3517.0
2049.0
2270.0
3417.0
3672.0
2660.0
3085.0
2755.0
2353.0
3084.0
3907.0
2018.0
1968.0
3761.0
3115.0
2744.0
3407.0
2474.0
1933.0
2392.0
2935.0
1952.0
2098.0
3906.0
2754.0
2257.0
2052.0
2209.0
3216.0
2242.0
2731.0
3380.0
2592.0
3354.0
3847.0
1932.0
2723.0
2134.0
3143.0
2762.0
3552.0
3765.0
2466.0
3330.0
2319.0
3301.0
3793.0
3247.0
3461.0
2839.0
3462.0
2800.0
2612.0
1965.0
2255.0
2725.0
3679.0
2076.0
3105.0
3176.0
2496.0
3466.0
2557.0
2927.0
2816.0
2609.0
3945.0
3936.0
2102.0
3622.0
3711.0
2308.0
2418.0
3098.0
2729.0
2928.0
1974.0
3775.0
3083.0
2987.0
3209.0
2667.0
2537.0
2091.0
3499.0
2606.0
3507.0
3339.0
2610.0
2481.0
2713.0
3370.0
3857.0
3682.0
3842.0
2709.0
2957.0
3851.0
2837.0
3002.0
2484.0
3124.0
2737.0
3185.0
3551.0
2417.0
2554.0
3923.0
3803.0
3164.0
3384.0
2103.0
3207.0
2827.0
3077.0
2947.0
3375.0
2396.0
2172.0
3736.0
3638.0
3075.0
2519.0
3283.0
2615.0
2425.0
2579.0
2932.0
3942.0
2212.0
1940.0
2429.0
3662.0
3071.0
2844.0
3201.0
2247.0
3408.0
2337.0
2448.0
3366.0
1979.0
2453.0
3991.0
3786.0
2826.0
3617.0
1938.0
3535.0
2854.0
2949.0
2045.0
3492.0
2182.0
2089.0
2926.0
2548.0
2405.0
2202.0
2016.0
3267.0
3911.0
3332.0
3960.0
3056.0
2382.0
2491.0
2994.0
3731.0
3808.0
2809.0
3508.0
3228.0
2981.0
2133.0
2890.0
3655.0
3812.0
1978.0
2162.0
2031.0
2163.0
2958.0
3163.0
2575.0
3401.0
2654.0
2012.0
3910.0
2096.0
3626.0
2619.0
2246.0
2314.0
2948.0
2570.0
2437.0
3206.0
3318.0
2598.0
1959.0
3917.0
3123.0
3806.0
3782.0
3080.0
3424.0
2240.0
2779.0
3590.0
2568.0
2483.0
2698.0
2825.0
3868.0
3864.0
3807.0
3644.0
3921.0
3678.0
3309.0
3500.0
1931.0
2842.0
2648.0
3637.0
2235.0
3867.0
2035.0
2401.0
3148.0
2338.0
2051.0
3377.0
3467.0
3955.0
2866.0
2860.0
2273.0
3608.0
3705.0
2996.0
2973.0
3192.0
3764.0
2858.0
3065.0
3410.0
2893.0
2140.0
1942.0
1941.0
3490.0
2171.0
2618.0
2980.0
2256.0
2871.0
3003.0
3099.0
3835.0
3639.0
1966.0
3347.0
3974.0
2373.0
2281.0
3794.0
2430.0
2152.0
3421.0
1945.0
3720.0
1997.0
3663.0
3446.0
3665.0
3518.0
2428.0
3862.0
3158.0
3197.0
2277.0
3661.0
2906.0
3952.0
2433.0
2934.0
2455.0
3343.0
3100.0
2799.0
3887.0
3279.0
2465.0
2642.0
3641.0
3196.0
2351.0
3246.0
3238.0
3285.0
3096.0
3953.0
2178.0
2457.0
1980.0
2054.0
2312.0
2776.0
3218.0
3291.0
2633.0
2291.0
2556.0
3050.0
2288.0
1991.0
3821.0
2299.0
3459.0
2527.0
2756.0
2142.0
2004.0
2909.0
2441.0
2390.0
3023.0
2565.0
2546.0
3688.0
3536.0
2131.0
3263.0
2503.0
2977.0
2788.0
2545.0
2078.0
3136.0
3620.0
2535.0
3531.0
2071.0
3615.0
2304.0
2582.0
3925.0
3236.0
3217.0
3642.0
3600.0
3130.0
3491.0
2065.0
2084.0
3255.0
2815.0
2236.0
2576.0
2366.0
3883.0
2047.0
3423.0
3941.0
3358.0
2745.0
1989.0
2742.0
2180.0
2880.0
2758.0
3994.0
3928.0
2486.0
2075.0
2025.0
3181.0
2964.0
2650.0
3603.0
1927.0
2538.0
2105.0
3819.0
3726.0
2014.0
3805.0
2413.0
2151.0
2895.0
2986.0
3132.0
2708.0
3063.0
2143.0
3890.0
1977.0
3648.0
3471.0
2584.0
3090.0
3019.0
2712.0
3723.0
2331.0
2260.0
2587.0
2632.0
3973.0
3712.0
2485.0
3208.0
2961.0
2352.0
3685.0
2470.0
2334.0
2079.0
2424.0
3848.0
3242.0
2679.0
3129.0
3947.0
2310.0
3212.0
2219.0
3327.0
3048.0
3419.0
2205.0
3323.0
1969.0
2042.0
2217.0
2034.0
3505.0
2213.0
3189.0
2476.0
2617.0
2896.0
2023.0
3230.0
2043.0
3484.0
3345.0
2777.0
2637.0
2283.0
3272.0
2817.0
3597.0
2966.0
2917.0
2369.0
2032.0
1984.0
2155.0
2420.0
2702.0
2616.0
1993.0
3863.0
2886.0
2336.0
3382.0
2020.0
3095.0
2732.0
3222.0
2602.0
3846.0
2290.0
3708.0
3342.0
3483.0
2624.0
2573.0
3453.0
2760.0
3302.0
3784.0
2109.0
1990.0
2581.0
3437.0
3740.0
2774.0
2442.0
3335.0
2655.0
2022.0
3940.0
3392.0
3134.0
2313.0
2480.0
1976.0
3058.0
2243.0
3725.0
3202.0
2222.0
3616.0
2634.0
2122.0
2021.0
2092.0
3601.0
2735.0
3428.0
2728.0
2881.0
2822.0
2487.0
2124.0
2194.0
2521.0
3778.0
2675.0
1961.0
2697.0
3367.0
2925.0
3326.0
3026.0
3916.0
3635.0
2759.0
3393.0
3770.0
2510.0
2007.0
3219.0
3262.0
3025.0
3487.0
2241.0
3554.0
2085.0
2137.0
2248.0
3829.0
3036.0
2409.0
2859.0
2704.0
2626.0
2354.0
2061.0
2528.0
3498.0
3504.0
2588.0
3984.0
3328.0
3719.0
1963.0
3448.0
2176.0
1985.0
3046.0
2638.0
3559.0
2677.0
3888.0
3031.0
2387.0
3826.0
2971.0
3045.0
3144.0
3563.0
2398.0
2359.0
3331.0
2914.0
2013.0
2179.0
3073.0
2590.0
3914.0
3362.0
2984.0
2058.0
3768.0
3967.0
2347.0
2371.0
3949.0
2434.0
2828.0
2985.0
2403.0
3594.0
2919.0
2749.0
3470.0
2147.0
2883.0
3728.0
2107.0
3845.0
2408.0
2843.0
2627.0
2196.0
2386.0
2665.0
2502.0
2044.0
3754.0
2577.0
3651.0
2101.0
3433.0
3700.0
3092.0
3561.0
2959.0
3739.0
3825.0
3399.0
3047.0
1987.0
3897.0
3274.0
3450.0
3425.0
