50.0
1653.0
402.0
1117.0
582.0
1639.0
1727.0
6.0
1607.0
835.0
1322.0
594.0
1786.0
272.0
1263.0
1271.0
137.0
1543.0
789.0
800.0
1338.0
741.0
786.0
1477.0
544.0
22.0
653.0
1721.0
1145.0
595.0
534.0
1539.0
1788.0
1765.0
390.0
338.0
714.0
1139.0
592.0
1703.0
1587.0
1486.0
1288.0
1176.0
1049.0
1605.0
1026.0
230.0
912.0
1566.0
1342.0
817.0
1818.0
435.0
436.0
713.0
1623.0
771.0
1197.0
42.0
1601.0
461.0
1598.0
141.0
358.0
1361.0
406.0
14.0
1226.0
926.0
43.0
1870.0
1466.0
1459.0
1894.0
1561.0
1630.0
862.0
1619.0
758.0
317.0
1745.0
264.0
1661.0
1172.0
1616.0
523.0
487.0
94.0
1120.0
365.0
1204.0
559.0
1750.0
633.0
1764.0
146.0
1287.0
1429.0
394.0
1583.0
809.0
1029.0
1412.0
1880.0
1816.0
1279.0
930.0
277.0
284.0
1047.0
422.0
1715.0
774.0
1050.0
717.0
480.0
699.0
1340.0
449.0
1578.0
675.0
202.0
261.0
1671.0
130.0
243.0
1066.0
197.0
1312.0
1617.0
1554.0
679.0
598.0
476.0
553.0
804.0
533.0
707.0
903.0
839.0
935.0
796.0
1811.0
802.0
875.0
537.0
453.0
1373.0
31.0
1310.0
431.0
1588.0
175.0
967.0
1586.0
1158.0
1016.0
1580.0
974.0
1527.0
309.0
479.0
200.0
440.0
725.0
1544.0
1355.0
1602.0
1569.0
591.0
1492.0
224.0
1143.0
883.0
736.0
833.0
52.0
810.0
819.0
87.0
1610.0
1048.0
1674.0
792.0
727.0
585.0
142.0
111.0
174.0
37.0
1021.0
1011.0
1903.0
332.0
1655.0
347.0
1712.0
891.0
147.0
847.0
620.0
125.0
1022.0
1411.0
1062.0
1329.0
486.0
64.0
411.0
984.0
826.0
1851.0
1073.0
1647.0
1574.0
1034.0
1579.0
429.0
645.0
1762.0
73.0
78.0
1480.0
726.0
468.0
1529.0
1644.0
1425.0
659.0
63.0
1844.0
1183.0
1775.0
1450.0
1343.0
1594.0
980.0
1725.0
39.0
763.0
1916.0
169.0
787.0
1843.0
954.0
286.0
1489.0
1806.0
1632.0
667.0
1604.0
1551.0
1416.0
1376.0
464.0
441.0
234.0
99.0
1326.0
1269.0
1154.0
521.0
1596.0
1184.0
1628.0
1035.0
1670.0
346.0
1874.0
345.0
602.0
566.0
289.0
768.0
1445.0
1734.0
869.0
1041.0
924.0
386.0
1766.0
1389.0
934.0
643.0
1862.0
652.0
879.0
946.0
26.0
1214.0
610.0
11.0
1564.0
1388.0
832.0
808.0
697.0
59.0
928.0
1075.0
1328.0
1291.0
1761.0
76.0
658.0
1689.0
393.0
1707.0
1664.0
1203.0
1801.0
478.0
990.0
357.0
1896.0
1335.0
1591.0
109.0
1064.0
492.0
268.0
1513.0
517.0
1575.0
1833.0
1510.0
600.0
831.0
1071.0
998.0
1666.0
747.0
1162.0
940.0
556.0
892.0
503.0
1178.0
5.0
1779.0
1724.0
1043.0
682.0
587.0
1155.0
615.0
1914.0
1125.0
123.0
529.0
177.0
381.0
820.0
1211.0
1387.0
1235.0
1415.0
1076.0
1913.0
1799.0
444.0
532.0
672.0
906.0
218.0
1280.0
463.0
194.0
95.0
285.0
1524.0
1752.0
711.0
1720.0
208.0
1565.0
211.0
586.0
884.0
1375.0
738.0
638.0
782.0
779.0
1589.0
1370.0
797.0
1948.0
1982.0
1998.0
1970.0
1967.0
1981.0
1926.0
3951.0
3623.0
2847.0
2120.0
2869.0
2553.0
3656.0
3693.0
3349.0
3353.0
2146.0
3475.0
2517.0
3022.0
3108.0
3963.0
3078.0
3494.0
3649.0
3258.0
3052.0
2230.0
2141.0
3153.0
3886.0
2150.0
2832.0
3334.0
2750.0
2604.0
2804.0
3930.0
2808.0
3199.0
2139.0
3853.0
3140.0
2197.0
2595.0
2358.0
2406.0
3645.0
3320.0
3938.0
2008.0
3016.0
3187.0
3779.0
3398.0
3104.0
3011.0
2166.0
3177.0
3583.0
3580.0
3691.0
2087.0
2983.0
3127.0
2192.0
3110.0
2226.0
2786.0
3878.0
3669.0
3875.0
2094.0
2974.0
3404.0
2303.0
2651.0
3106.0
3544.0
2160.0
2923.0
3767.0
3668.0
2571.0
2834.0
2578.0
3059.0
3440.0
2228.0
3477.0
3112.0
2204.0
2989.0
2522.0
3755.0
3203.0
3979.0
2975.0
3598.0
3170.0
3154.0
2415.0
3871.0
3810.0
2399.0
3474.0
2699.0
2691.0
2279.0
3822.0
2912.0
2940.0
2727.0
2460.0
2445.0
3316.0
3870.0
3591.0
3858.0
2845.0
3387.0
3769.0
3119.0
2939.0
2738.0
2803.0
2772.0
3357.0
3905.0
3690.0
3402.0
3927.0
3243.0
2643.0
3576.0
3836.0
2838.0
2504.0
2027.0
2164.0
2558.0
2918.0
2422.0
2244.0
3200.0
3935.0
3007.0
2302.0
2127.0
2344.0
2970.0
2019.0
3817.0
2066.0
3602.0
3789.0
3581.0
3032.0
3534.0
3595.0
2046.0
3627.0
2663.0
3303.0
2763.0
3986.0
2790.0
2916.0
2274.0
2469.0
2991.0
3378.0
2529.0
3249.0
2676.0
3604.0
3545.0
3861.0
2865.0
3795.0
3403.0
3572.0
3128.0
2904.0
3744.0
2391.0
2444.0
1944.0
2263.0
2549.0
3937.0
3511.0
1937.0
2449.0
2913.0
2136.0
3841.0
3683.0
3869.0
3555.0
2629.0
2104.0
2294.0
3245.0
3373.0
3337.0
2231.0
2138.0
3346.0
3664.0
2394.0
3570.0
2335.0
3747.0
3743.0
3204.0
3379.0
3226.0
2206.0
2501.0
3523.0
3550.0
3225.0
2383.0
2447.0
2144.0
2169.0
2189.0
2768.0
3913.0
3696.0
2910.0
2259.0
2574.0
3612.0
2872.0
3675.0
3304.0
2068.0
3565.0
2285.0
2853.0
2070.0
3797.0
3892.0
3159.0
3721.0
2864.0
2050.0
3062.0
2064.0
1947.0
3741.0
2564.0
2333.0
3689.0
2289.0
2566.0
2384.0
3760.0
3510.0
2348.0
3117.0
2193.0
3730.0
3840.0
3647.0
3852.0
2770.0
3195.0
1996.0
3894.0
2234.0
3802.0
2233.0
3256.0
3457.0
3814.0
1983.0
2802.0
1924.0
2954.0
3253.0
3456.0
3268.0
3162.0
3514.0
3585.0
3241.0
2278.0
3480.0
2513.0
3232.0
2743.0
3224.0
3727.0
3116.0
3546.0
2905.0
3748.0
2873.0
3976.0
2719.0
2284.0
2857.0
2835.0
2640.0
2888.0
1954.0
3558.0
3781.0
2524.0
3131.0
3039.0
2069.0
3988.0
2361.0
3338.0
2459.0
2541.0
3239.0
2207.0
2148.0
3229.0
2901.0
2238.0
2960.0
3296.0
3118.0
2195.0
2287.0
2593.0
3733.0
2017.0
3899.0
3735.0
2450.0
3386.0
3430.0
1956.0
2801.0
3097.0
3566.0
3751.0
3667.0
3146.0
2533.0
2472.0
3149.0
3610.0
3012.0
2664.0
3903.0
3865.0
3982.0
2684.0
3879.0
2467.0
3356.0
2029.0
3631.0
3716.0
3368.0
1957.0
2995.0
2381.0
2086.0
3734.0
2211.0
2724.0
2161.0
3659.0
3103.0
2063.0
3766.0
2525.0
2746.0
3040.0
3954.0
3816.0
2899.0
2005.0
2190.0
2116.0
2952.0
2317.0
2214.0
3709.0
2721.0
2607.0
2364.0
2851.0
2688.0
3308.0
2175.0
2833.0
2669.0
2411.0
2223.0
2439.0
3800.0
2840.0
3171.0
3971.0
2714.0
3587.0
3391.0
2613.0
3658.0
2963.0
2585.0
